   -0.0182    0.1146   -0.9827   -0.0531    1.0071    0.0618   -2.3530 Rotación 
-1.2128    0.0662    0.6524    0.3271    1.0826    1.0061   -2.1069 Rotación
-0.8034    0.4207    0.3552    0.0005   -0.0292 -1.0250   -1.8008 Rotación
0.5977    0.7572   -0.6102    0.3967    0.0888  0.7293   -1.7549 Reflexión 
-0.3504   -0.8823   -0.2657    0.4504    0.5734 -0.7047   -2.1989 Nada
0.3232   -0.7841   -1.8054    1.8586   -0.6045 0.1034   -1.8477 Rotación
-0.7402    0.6748    0.2654   -0.2011   -0.9089   -0.2443   -2.3936 Rotación 
0.7468   -0.8308    0.3035   -0.5295   -0.2954   -0.5407   -1.738 Nada
-0.3001    1.0294   -0.3451    1.0128    0.6293   -0.2130   -2.0203 Rotación
-0.4224    0.9041    0.4022    0.5240   -0.7312    0.1824   -1.9278 Rotación
0.4255   -1.3147   -0.4164    1.2247   -0.0436    0.5824   -2.1627 Reflexión
 -0.0017    0.0728   -0.2955   -1.1586   -0.0342    0.7508   -1.8499 Rotación
  -0.5568   -0.8951   -0.4093   -0.1609    0.4093   -0.9526   -2.5738 Nada 
-1.3853    0.3105   -0.2495    0.5037   -0.8927    1.9085   -1.6570 Reflexión
 -0.0849    0.9671   -0.8277    0.3927    0.3300    0.3308   -1.6969 Rotación
-0.1540   -0.9666   -0.2940   -0.8241    0.0187    0.5254   -1.8760 Rotación
   0.9704   -0.5686    0.8100    0.1732   -0.5055   -1.1933   -2.1294 Reflexión 
 0.1716   -0.0621    1.1990    0.8017    1.0533   -0.7489   -1.7214 Reflexión 
 -0.1973    0.4056   -1.4193   -0.7294    1.1473    0.5979   -1.6041 Reflexión 
0.6249    0.0622   -0.7442    0.2030   -0.7774   -0.6373   -1.5462 Reflexión
 -0.6067    0.2898    0.8283   -0.8962   -0.2378   -0.0446   -2.1103 Reflexión
-0.8571   -0.1699   -0.1917   -0.8658    0.1807    1.2665   -1.9362 Rotación
0.4359    0.8967    0.5047   -0.4009   -0.5138    0.7964   -2.3588 Nada
0.3008    0.6846   -0.4554    0.9329    0.5989    0.0661   -2.4416 Reflexión
  0.3322    1.0078   -0.5254    0.0510   -0.5727    0.5171   -1.9206 Rotación
   -0.5351   -0.3201   -0.5373    0.4603   -0.6223   -0.8505   -2.3346 Nada
0.3931    0.6175   -1.1502   -0.0771    0.1624    0.3301   -1.8428 Rotación
0.2053    1.1929   -0.8028   -1.2656   -0.1493   -1.6364   -2.3943 Nada
   -0.2789    0.2452    1.4725   -2.2751   -1.6333    0.4155   -2.2460 Reflexión
-0.8665   -0.4218   -0.9427    1.3419   -0.9884    1.8179   -2.2235 Rotaión
0.4943   -0.6155   -0.7742   -0.0655   -0.1820    0.8603   -2.0699 Reflexión
 -0.6196   -0.7202    0.0407   -0.6590   -0.6305    0.6096   -1.8381 Reflexión 
-0.4809    0.7681    0.3363    0.0041    0.3723    0.9629   -2.1324 Rotación
   -0.1539   -0.2752    0.2411    0.7547   -0.2919    0.4584   -1.9728 Rotación 
 0.8598    0.0669   -1.6394   -2.4247   -0.2838    1.1458   -1.8337 Rotación
 0.3415    0.1071    0.2137    0.5583   -0.7429   -0.9811   -1.7576 Rotación 
-0.3175    0.4349   -0.5112   -0.4790    0.4363    1.0144   -1.8990 Reflexión 
0.0507   -0.5136    0.6331    0.9369   -0.2007    0.6441   -1.8445 Nada
0.1446    0.6690   -0.8488   -0.0571    0.2918   -0.6146   -1.7540 Rotación 
 0.0151   -1.1645    0.4948   -1.2158    1.5908    0.5265   -1.694 Rotación 
    0.6707    0.2986   -0.1657   -0.2356    0.5744    1.0237   -2.1962 Rotación
0.0683    0.0708    0.6974    0.9160    0.7040   -0.4114   -1.7858 Reflexión
    0.5057    0.3320   -1.6354   -1.9068   -0.0404    0.6972   -1.7078 Rotación 
    0.0324    1.1626   -0.7787   -0.1944   -0.0394    0.0417   -1.8026 Rotación
 -0.4647   -0.5791   -0.4931   -0.0615   -0.6399    0.8901   -2.2509 Nada
 -1.0952   -0.2676    0.1866    0.9509   -0.7905   -0.4895   -2.0696 Reflexión
-0.2773    1.0666   -2.0992    0.6385    0.3715   -0.3742   -2.1121 Rotación
 -0.7784    1.0996   -0.8556    0.0076   -0.9376   -0.6816   -1.7347 Rotación
0.9526   -0.3166    0.1189   -0.7911    0.2829    0.5218   -2.3051 Reflexión
    0.6980    0.2466    0.0411   -0.7686    0.9248    0.0665   -1.9618 Rotación