0.07859   1.014     0.1625    0.8736   -0.1314  -0.3981  -1.9534 SI
0.3463   -0.7000   -0.6420   -0.0039    0.8837   -0.4438 -2.0416 
-0.1893    0.1675   -0.9055   -0.8916    0.0815    0.5610 -1.8847 
-1.1223    0.5255   -0.5553    0.0626   -0.3405    0.1898 -1.9568 SI 
-0.4590    0.7405   -0.5861    0.5253    0.0678    0.7854 -1.7911 
0.5116    0.8550   -0.6561   -0.2905   -0.1689    0.6810 -1.11 
0.3834    0.2128    0.0253   -1.0066    0.8509    0.2643 -1.58 
0.3506   -0.5900   -1.0320   -0.6419    0.1477    0.1734 -1.845 
0.3357   -0.6262   -0.2471    0.4079    0.7667   -0.8246 -1.15 
0.5051   -1.0644   -0.2529   -0.6368   -0.1918    0.3251 -1.7025 SI
0.2092   -0.4864   -0.0925   -1.1153    0.5991   -0.3291 -1.9077 
0.5150   -1.1296    0.1997   -0.6325   -0.1154    0.0744 -1.8939 
0.0420    0.4346    0.1595   -0.3869   -0.8907    0.9170 -1.3967 SI
0.1349   -0.5367    0.5269   -0.3463    0.9776   -0.5836 -1.3953 
-0.2566    0.8801   -0.2950    0.8659    0.5381   -0.1821 -2.0203 
-0.4439    0.7822   -0.9117   -0.1970   -0.5107   -0.2458 -1.5935 
-0.8034    0.4207    0.3552    0.0005   -0.0292   -1.0250 -1.8008 SI
-0.3504   -0.8823   -0.2657    0.4504    0.5734   -0.7047 -2.1989 
0.3284   -0.4240   -0.3951   -0.2992   -1.0882    0.5316 -2.0490  
-0.2566    0.8801   -0.2950    0.8659    0.5381   -0.1821 -2.0429
-0.6790   -0.1346   -0.1518   -0.6859    0.1431    1.0034 -1.9603
0.2672    0.1754   -0.8641   -1.0075   -0.0213    0.3684 -1.7323 SI
0.3716    0.0289   -0.7086   -1.0481   -0.1227    0.4953 -1.8598
-0.6790 -0.1346 -0.1518 -0.6859 0.1431 1.0034
0.3716    0.0289   -0.7086   -1.0481   -0.1227    0.4953 -1.8598
-0.2187    0.3416    0.6834    0.0095    1.0441   -0.5275 -1.9558
0.8075   -1.0594   -0.1772    0.1841    0.3925 -0.0787 -1.8165
0.8510   -0.6128    0.1870    0.2834    0.5653 0.6822 -1.9711
-0.8855    0.2233   -0.0822    0.2432    0.0928 -1.0447 -1.9051 SI
-0.3286    0.7700   -0.8747    0.0618   -0.2547   -0.6822 -1.8769 SI
0.6188   -0.7785   -0.6734    0.4786    0.2816    0.4992 -1.7791
-1.0538    0.6414    0.0073   -0.0777    0.6655    0.1708 -1.7918
-0.6291    0.7716   -0.0649   -0.5871   -0.4589   -0.6704 -2.1954
-0.1402    0.7191   -0.9058    0.1616    0.7852    0.0058 -1.9089
0.3731    0.9369   -0.3060    0.0062    0.4720   -0.8164 -1.7767
-0.1341    0.8791   -0.3527   -0.0276   -0.1384    1.0319 -1.9532
0.1806    0.9176   -0.3634    0.3777    0.7144   -0.5833  -1.9509
-0.2246    0.6886   -0.9087    0.0306    0.3847   -0.7076 -1.7745
0.7780    0.2856   -0.7906    0.6517   -0.0943    0.5045 -1.8584
-0.0152   -0.4718    0.1537    0.0437    0.6976   -1.1247 -1.7793
-0.7028    0.9202    0.4023    0.3281    0.6237    0.0306 -2.0208
-0.0343    0.4701   -0.8428   -0.1300   -1.0022    0.2148 -2.0447
-0.8529   -0.1685    0.2308   -0.1834    1.0752   -0.0341 -2.1124
#Reflexión
-0.6069	-0.1046	-0.0941	-0.3429	1.0843	-0.5645	-1.48557277697292	
-0.1277	-0.5455	0.8219	0.6329	-0.1177	-0.7721	-1.35682032905762	
-0.0854	0.7308	-0.8156	0.8051	0.1219	0.3611	-1.51491408291298	
-0.8377	0.0457	0.4506	0.2259	0.7478	0.6949	-2.10686799149675	
0.5977	0.7572	-0.6102	0.3967	0.0888	0.7293	-1.75483688278853	
0.3105	-0.3855	0.8426	0.8254	0.1242	0.5902	-2.62585650571548	
0.7468	-0.8308	0.3035	-0.5295	-0.2954	-0.5407	-1.73842333817059	
0.851	-0.6128	0.187	0.2834	0.5653	0.6822	-1.95372495825411	
-0.1277	-0.5455	0.8219	0.6329	-0.1177	-0.7721	-1.35682032905762	
0.6615	0.6653	0.3152	-0.5669	0.3367	0.7653	-2.15044631632759	
-0.2453	-0.1224	-0.3532	-0.4666	1.0521	0.6895	-2.15048632554714	
-0.2168	0.3579	0.6727	-0.7236	0.8162	0.4274	-1.13211635881389	
-0.154000678445426	-0.966577791582163	-0.294031053369305	-0.824090849437644	0.0186618714043005	0.525435923726068	-1.87595495366508	
0.51776867913142	-0.698291326581402	-0.881563759230199	0.444004509817826	-0.481423456226226	0.195554615389757	-1.29006122011656	
0.624927133801804	0.0621530516896161	-0.744248954512174	0.203025266523009	-0.777421266104901	-0.637254647274212	-1.54620214942147	
-0.274093340906046	-0.336802494264354	0.824916355629748	0.408215304115605	0.0395116362193997	-0.981197748994502	-2.56077564838826	
-0.704262496729741	-0.385204194911898	-0.720472144536988	0.242007379961234	0.802533380442002	-0.365957038720631	-2.53651558760138	
0.300799478882453	0.684642397658841	-0.455409731772496	0.932940891054223	0.598861544638038	0.0661254957758113	-2.44163614253683	
0.0510015934386909	0.795458976992494	0.953774221410375	0.0479277407269093	-0.660807390418263	-0.126471784992632	-3.3444415016294	
0.393073771325894	0.617470442598791	-1.15019713158072	-0.077104890255204	0.162445196916318	0.330054866974474	-1.84276969442674	
-0.682200194052046	0.317841974855255	0.498269786206616	0.681471487783567	-0.639771399013382	-0.558207634085729	-0.904419984388495	
0.759756084680388	-0.934891786329429	-0.20706684067168	0.108771565513548	-0.384939354550473	-0.588100164081887	-1.33669975903579	
-0.122746784979142	0.107926412342405	0.648158831554093	-1.00143542219724	-0.718928432967752	0.18287768812458	-2.24599904218167	
0.494263240349037	-0.615548517316601	-0.774164776528485	-0.0654960272853606	-0.18199462608695	0.860267979955614	-2.06993556746256	
-0.603591808292276	-0.701524848405014	0.0396050912748992	-0.641929020045228	-0.614199246885217	0.5938498725497	-1.83806983588878	
-0.480868385947133	0.768101762796079	0.336277151095548	0.00413613626342595	0.372269724728208	0.962860893101808	-2.13237609715736	
-0.215302169515607	-0.384882290661212	0.337221901488746	1.0554756997262	-0.408254088434974	0.641164279929244	-1.97279257601174	
